БУБЛИК
ХКХХХХ
11
21  26  29  19   4   4
25   4  27   9  10  19
 8   3  10  31  18  14
28   2  15   4   2   9
12  27  18  24  20  19
 7   6   8  10  25  14

 6
23
16
30
30
10

СОБАКА
ЪБНИГТ
29
 7   6   6  10  27  13
30  17  27  23   0  14
16   2  31  13   2   8
22  30   8   5  23   1
10  24  12  28  29  25
24   2  23  20   7  30

27
11
 5
21
11
19

ПИЛИГРИМ
ЛБЙГХДИЩ
19
22   7  27   7  17  18   9  14
20  31   5   3  18  13  24  27
 8  21   7   2   7   8  23  31
12   0  21   0   4  23  16   6
28  10   9   6   0  30  12  27
19  23   5  27  23  16  30  13
 3  20   5  23  22  24  28  13
15  28  27  16  29   9   9  29

15
30
 6
 8
 3
18
26
 9

ЖАБА
ЁЪЭЭ
24
18  18   6   9
24   1  14   1
 9   1  25  11
24  21   5  30

25
24
 4
 7

ПРОБЛЕМА
ААКХХКХА
22
 3   8  17   1  11  28  24  13
15  30  19   9  23  27  14  20
 6   8  14  10  29  24  18  13
19  30  14  31  31  12  13  19
29  27  10   2   2  24  11  13
 9  23  14  16  21   7  20  28
 6  23   2  11  23   0   5  10
21   3  13  12  13  25  14   3

17
31
12
28
16
11
17
14

РЕШЕНИЕ
КСОПНИЁ
32
24  25   3  31  19  10   6
31   0   5  26  22  29  28
10   4   1   5   8   6  18
25   4  20  27  28  30   3
27  10  24  16  26   5   2
 4  29  14   8  23  28   3
10  14  10  24  19   4  15

28
 9
17
 9
28
20
30

СИНГАПУР
ЯЖТЬЭЭЮЪ
16
29  21  26  23  15   5  20   4
21  18  14  20   9  20  22  12
 8  17  10  30  17  24  15  28
19  28   0   0  21   4  23   6
28  31   7   5  25  21   2  18
12   5  11  22   2  25  16  18
26  22   2  27  26  27   4   5
 6  30   3  18   4  20  14  16

26
 8
24
 9
12
17
18
19

КОТ
ЧОЧ
24
14  19  26
 6  16   3
 3  30  16

14
24
17

КОРОВА
ЗЖЯШДИ
17
10  29   6  17  26  15
 3   6  27   3  14   4
 4  26   3   2   5   1
26   6  26  11   8   9
14  25  30  28  13   8
13  24  18   0  19   6

19
19
 1
 8
 8
29

ЖИРАФ
АСЪЪЭ
27
22  19   4  19  31
30  30  27  20  30
 8  22   6   5  10
14  17   0  31  20
14  18  18  19  20

 1
12
18
12
10

ДЕЛЬФИН
ОСЪЭИФЪ
6
28  28  20  15  31   8  19
19  20  28  23  19   8   8
13   2  29  21   9   4  25
 2   6   5   4  25  17  25
26  22  30   0  21  21   8
19  17  24  15   2  14   9
15  30  14   9  30  25  21

 6
12
 0
28
22
19
26

МАТЕМАТИКА
ЪЪОАИСЭЭСИ
9
24  29   2   0  22  13  27  29  29  27
15   7  12  20  25  16   3   3  30  19
21   2  31  31  14  18  12   0  16   8
14   9   1  16   8  30  11  24  24   2
11   3  29  25  21   7   3  24  21   5
20  22  16  21  26  21  29   2  17   4
 0  26  13  21  13   6   6  28  11  26
 4  10  10  27   8  18   4   5   9   7
14  20  11  10  19  24  24  11  22  18
 1   9   6  20   1  17  22   8  12  15

 1
 6
12
26
 0
10
11
21
13
 8

ХОЛЕРА
АЛЪССЛ
30
15  22   0  12  20  19
 0  12  30  14   9  23
 6   7  25  13  10  15
 2   0  14  15  27  31
18  28  22  29   8  30
16  26  17  21  13   9

18
25
 0
18
30
22

УТКОНОС
ЦЯМДФВМ
16
12  16  16   3  17   6   2
 7   5  25  10  26  27   6
25  18   4   1   5  16  27
14  30   5  16  31  14  16
 9  31  21  24   1   4   9
 0   4   3  28  11  29   9
 6  29   2  30   2  18  14

13
16
26
27
12
 3
30

СОЛДАТ
СЧЕОУИ
20
22  10  18  22  30  14
18  15   3  16  14  17
14  25  17  26  23  14
18  25  30   3  16  22
 3  23  24  12   9  27
12  21  21  27   5  15

30
 6
12
 5
 7
24

УСТРИЦА
ЭЁОЁОЧО
27
16  11  16   8  29  25  20
12   7  18  26  20   8  22
29  20  19  14  22  13   6
18   9  14  16   3  22  29
31   2   6  27  22   1  26
20  29   0  29   3  15  26
28  30  21  18  16  27  25

16
25
24
23
27
 2
29

КРАБ
ЕГТЕ
28
 0  21  15  17
31  22  28  19
10   9   3  22
 5  23  16  26

21
31
28
22

КРЫШКА
АААААА
0
 4   8  15   5  28   0
17  10  31  13   2  11
24  25  12   4   4  31
19  16  12  25   3  20
 5  27  31   3   1   2
14  27  10  25  21  27

 7
 5
24
30
 1
11

БАНКА
ЫБУСЬ
10
19   1  17  19   2
16   5  15  15  20
29   6  10   4   7
18  31  29  29  19
19  14  23  26   2

12
15
20
31
26

КРЕВЕТКА
ТЖРЛЯЧНП
25
 6  26  19  18  31   8   1  12
 0   9  30  30  18  18   1   8
 1  10  24  21  19  25   8  20
23   7  31  28  21  13  31  15
 6  23  18  30  19   0  17  27
21  10  10  25  13  29  12   6
14   8  16  27  13  19  19  12
18  30  27  24   9   5  23  19

10
14
24
26
31
 2
20
 1

ЩУПАЛЬЦЕ
АААААААА
0
21  16  20   8   5  15   5  17
 5  22   9   7  14  26  12  20
15  17  13   4  13  16   5  25
 6  13   3   5  10  18  31   9
14  21  21  27   0  15   6  29
27  30   1   2  17   6  12  29
 9   5  12  15  28  21   9   4
10  26   2  23  12  31   7  18

23
 0
24
24
 5
16
19
31

СОСИСКИ
РФЮЙЪЯВ
20
 2   6  12  12  27  10  21
15  11   3  16   2  24  25
25   1  15  14  30  10  18
18  10  14  15   5  23  19
 2   4  13   2   0  18   5
17  26   0  20  21  20  26
29  16  29  18   0   5   5

 5
 3
 0
28
 6
 3
15

СОН
ЭИС
24
 1  15  22
19  27  25
19   1  11

25
24
 4

ВОР
СЪЪ
24
15  30  11
 8  28  23
 3  22   1

 2
17
 7

СЛОН
ЛЛПО
25
15  21  22  31
25  11  28  17
16  22  20  22
 0  20  24  23

16
29
26
29

ОЛЕНЬ
ЭЭСЭС
9
 6   2  24  17  13
15  18   1  21  22
 7  31  17  15   1
 3   2  15   8   5
22   8   9  19   6

 5
26
26
 2
26

ЛОСЬ
ЯИЛФ
14
29  12  30   0
 7   9   4   4
14   1  31  11
25   1  25  23

28
25
11
 5

УЗУРПАТОР
ОРЯСЪАМТЕ
20
 8  15  10   5   7   2   4  25   2
18  25  20  14  31  22   2   7   8
27   2  10  12  14  19  31  29  25
20  11   3  15   9  27  18  16  31
20  13  26   3   2  14   3  30   5
20  29  22  25   9  21  26  20   5
 1  28   1  22   5   9   8  16  13
31   2  15  24  27  15  23  13  26
14  24   0  28   9  16  14  11   0

 2
26
 2
14
20
21
21
17
20

ТИРАН
КАААК
22
23  29  26  11  14
 7  14  10  19  15
 0   9  12  20   7
18  14  19  20  19
11  15  24   5  24

19
 9
19
14
 0

ТИТАН
ЧЛЛСС
18
11  30  27   8  23
14  31   2  21   5
 4  14  26  14  27
13  29   2  14   3
31  14  11   9  22

22
 4
23
18
12

ТОПОР
ШЙХТА
14
14  30  19  11  29
30   1  16  21   3
30   2  31   3   4
28   9  10  17  27
10   3  26  18  11

28
10
23
 9
14

ВОЛК
ХКХА
22
 9  30  24  27
13  19   1   5
 0  11   1  30
 2  21  26  13

22
 5
28
12

ЛЕВ
УЙЗ
16
 9  17   7
25  11  17
26  13  27

17
20
15

ДРАКОН
ФЪИФГО
15
16  29   1  10  19   4
 2  16   1  18   1  24
14   7   7   6  23   1
14  30  31   3   0  24
 5  19   4  19  21  31
24  24   8   0   6  15

12
11
10
30
28
22

ПЛАМЯ
ААААА
0
30  15  22  23  24
 7   2  16  27  24
14   1   7   9  12
 3   5  12  29   2
29   3  27  12  18

30
24
22
 9
 0

ЯРОСТЬ
МЩСМОЩ
5
21  24  14  25   2  22
 1  17  10   7  11  21
16  12  28  21  17   9
17   2   9  27   8   3
26  26   4  16  26  13
 1  10  12   5  23   3

22
29
11
10
18
19

ЗИМА
АЁИИ
27
16  25  17   0
24  25  21   4
 7  18  12  28
 0  16  29  16

31
 2
 4
 0

ЛЕТО
АГЁС
30
10   4  14  29
 2  13  10  18
11  30  24   1
 9   0  25   5

17
22
26
29

ВЕСНА
ИЩУОР
32
21   9  26  16  12
27  25   5   0   3
23  24  10  20  10
 3  31  25  22  15
23   9   1  11  10

 4
 2
14
23
17

ОСЕНЬ
АГФЮД
7
19  17   2  16  28
28  24  30  28   8
28   7  12   3   1
20  17  17  26  24
20  30   7  12  11

13
15
19
26
 1

ДАР
ЧЪЛ
6
 3  16  11
18  18  22
 5  24  25

 3
15
19

СЕРЕБРО
АЦОХНОД
25
 3  12  26  13   7   2   2
 4  30   1  12  29  19   3
21  22  21  16  16  27  27
20  13  17  28   9  15   3
 6  15   0   6  13  10  18
 5  27  31  18   4  24   4
17  11   7  12  18  23  27

 1
23
 4
14
17
 0
15

РЕБРО
ЁЧЧАЧ
18
15  20  20  20  25
29   1  15  23  19
 3   2  29  30  28
 1  14  12  28   0
16  27   7   8   7

 3
26
19
 8
21

СЕРДЦЕ
КАААХА
22
31  14  13  13  24  16
14  24  23  28   1   5
28  24   3   7   9   6
18   2   7   6  20  31
17  29   8  18   3  30
 0  11   7  28  17  19

 2
31
 8
15
26
29

ЛЕГКИЕ
БПВАЬЧ
17
 1  23   6   8  30   9
 3  17  31  23  13  24
20  30  29  11  27  10
15   2   4  26  23   0
31  26  17  23   9  22
26  17   8  19  27  15

15
21
 4
31
18
24

ЛЯГУШКА
ЪЮАГЫЗИ
14
 9  28   8  22   6   5  19
20   2   4   8   8  15  17
 3  31  12  11   3  17   1
23  18  29   0  12  23   1
20   4  14   0  29  28  10
14  23  16  10   8  21   9
23  20   7  30  18  16  24

19
31
 5
 5
11
11
18

РУЧКА
ЬЪЮНЬ
2
 0  31   5  28   2
22  18  13  20  20
23  23  12  11  14
21  27   0  28  16
10  11  31  10   5

 6
18
26
23
 8

ПЕРО
ИВЖН
2
 0   4  24  27
22  24  14  30
11   8   3  18
14   2  27   7

13
29
11
 1

ЧЕРНИЛА
ФОАЁЁГЛ
3
22  16  11   3   2   3   6
24  13  16   1  11  19  22
10  25   0  23  25   5   9
30  29  21  24   4   7  10
 5  31   7  25  16   3  29
31   3  19  23  24  25  22
20   8  12   1  16  11   3

29
16
29
29
24
 6
24

ШИФР
ЛЗЮХ
13
14  16  23   1
13  19  24   2
10  11  10  23
28  22  28  12

 2
15
17
15

