2 1 0
8 2 7 1 6 0 5 10 4 9 3
исследование
ОЭТДШФЛЭЁЕЕА
1  8  13  18  23  28   0   5  10  15  20  25
0  2  30   2   7  12  17  22  27  32   4   9
0  0   4  14  19  24  29   1   6  11  16  21
0  0   0   5  26  31   3   8  13  18  23  28
0  0   0   0   7   0   5  10  15  20  25  30
0  0   0   0   0   8   2   7  12  17  22  27
0  0   0   0   0   0  10  32   4   9  14  19
0  0   0   0   0   0   0  12  24  29   1   6
0  0   0   0   0   0   0   0  13  11  16  21
0  0   0   0   0   0   0   0   0  14  26  31
0  0   0   0   0   0   0   0   0   0  16   3
0  0   0   0   0   0   0   0   0   0   0  17

 8
13
18
23
28
 0
 5
10
15
20
25
30

0 1 2
10 0 1 2 3 4 5 6 7 8 9
собака
АКРУЗТ
19   2   7  12  17  22
 0  20  27  32   4   9
 0   0  23  14  19  24
 0   0   0  25  29   1
 0   0   0   0  26   6
 0   0   0   0   0  28

11
16
21
26
31
 3

0 1 2
5 3 1 10 8 6 4 2 0 9 7
приключение
ЁРФГГЦЧАУЫЬ
29   8  13  18  23  28   0   5  10  15  20
 0  31  25  30   2   7  12  17  22  27  32
 0   0  32   4   9  14  19  24  29   1   6
 0   0   0   1  11  16  21  26  31   3  21
 0   0   0   0   2  22  23  24  25  26  27
 0   0   0   0   0   4  28  29  30  31  32
 0   0   0   0   0   0   5   0   1   2   3
 0   0   0   0   0   0   0   7   4   5   6
 0   0   0   0   0   0   0   0   8   7   8
 0   0   0   0   0   0   0   0   0  10   9
 0   0   0   0   0   0   0   0   0   0  12

10
11
12
13
14
15
16
17
18
19
20

2 1 0
9 3 8 2 7 1 6 0 5 10 4
аскорбинка
НФЕГЦНЁЩЗТ
13  21  22  23  24  25  26  27  28  29
 0  14  30  31  32   0   1   2   3   4
 0   0  16   5   6   7   8   9  10  11
 0   0   0  17  12  13  14  15  16  17
 0   0   0   0  19  18  19  20  27  25
 0   0   0   0   0  20  23  21  19  17
 0   0   0   0   0   0  23  15  13  11
 0   0   0   0   0   0   0  25   9   7
 0   0   0   0   0   0   0   0  26   5
 0   0   0   0   0   0   0   0   0  28

 3
 1
32
30
28
26
24
22
20
18

2 0 1
1 8 4 0 7 3 10 6 2 9 5
испытание
РОСЖЫКЦЯЧ
29  10  11  12  13  14  15  16  17
 0  31  18  19  20  27  25  23  21
 0   0  32  19  17  15  13  11   9
 0   0   0   1   7   5   3   1  32
 0   0   0   0   2  30  28  26  24
 0   0   0   0   0   4  22  20  18
 0   0   0   0   0   0   5  16  14
 0   0   0   0   0   0   0   7  12
 0   0   0   0   0   0   0   0   8

10
 8
 6
 4
 2
 0
31
29
20

2 1 0
3 7 0 4 8 1 5 9 2 6 10
абрикос
ДБДЯФЕЁ
10  25  23  21  19  17  15
 0  12  13  11   9   7   5
 0   0  13   3   1  32  30
 0   0   0  14  28  26  24
 0   0   0   0  16  22  20
 0   0   0   0   0  17  18
 0   0   0   0   0   0  19

16
14
12
10
 8
 6
 4

1 0 2
3 0 8 5 2 10 7 4 1 9 6
уточнение
ЛЬЧШЧВЙЁЫ
20  17  18  19  20  27  25  23  21
 0  23  19  17  15  13  11   9   7
 0   0  25   5   3   1  32  30  28
 0   0   0  26  26  24  22  20  18
 0   0   0   0  28  16  14  12  10
 0   0   0   0   0  29   8   6   4
 0   0   0   0   0   0  31   2   0
 0   0   0   0   0   0   0  32  31
 0   0   0   0   0   0   0   0   1

29
20
25
30
 2
 7
12
17
22

0 1 2
7 2 8 3 9 4 10 5 0 6 1
борода
АЯЙВИФ
2  11  9   7   5   3
0   4  1  32  30  28
0   0  5  26  24  22
0   0  0   7  20  18
0   0  0   0   8  16
0   0  0   0   0  10

14
12
10
 8
 6
 4

2 0 1
3 1 10 8 6 4 2 0 9 7 5
онулирование
ГБНЖЁГЬИЛШЬВ
12  17  18  19  20  27  25  23  21  19  17  15
 0  13  13  11   9   7   5   3   1  32  30  28
 0   0  14  26  24  22  20  18  16  14  12  10
 0   0   0  16   8   6   4   2   0  31  29  20
 0   0   0   0  17  25  30   2   7  12  17  22
 0   0   0   0   0  19  27  32   4   9  14  19
 0   0   0   0   0   0  20  24  29   1   6  11
 0   0   0   0   0   0   0  23  16  21  26  31
 0   0   0   0   0   0   0   0  25   3   8  13
 0   0   0   0   0   0   0   0   0  26  18  23
 0   0   0   0   0   0   0   0   0   0  28  28
 0   0   0   0   0   0   0   0   0   0   0  29

 0
 5
10
15
23
30
 4
11
18
25
32
 6

2 0 1
8 10 1 3 5 7 9 0 2 4 6
река
ПЗЭМ
31  27  32   4
 0  32   9  14
 0   0   1  19
 0   0   0   2

24
29
 1
 6

2 1 0
8 7 6 5 4 3 2 1 0 10 9
сосна
ЧИЛГУ
4  24  22  20  18
0   5  16  14  12
0   0   7  10   8
0   0   0   8   6
0   0   0   0  10

 4
 2
 0
31
29

0 2 1
10 2 5 8 0 3 6 9 1 4 7
антилопа
НДУМЩЩЕЙ
12  27  25  23  21  19  17  15
 0  13  13  11   9   7   5   3
 0   0  14   1  32  30  28  26
 0   0   0  16  24  22  20  18
 0   0   0   0  17  16  14  12
 0   0   0   0   0  19  10   8
 0   0   0   0   0   0  20   6
 0   0   0   0   0   0   0  23

 4
 2
 0
31
29
20
25
30

2 0 1
2 8 3 9 4 10 5 0 6 1 7
кошка
ЕМВНТ
25  21  19  17  15
 0  26  13  11   9
 0   0  28   7   5
 0   0   0  29   3
 0   0   0   0  31

 1
32
30
28
26

0 2 1
8 6 4 2 0 9 7 5 3 1 10
яблоко
ЭЧЁАЖБ
32  6   7   8   9  10
 0  1  11  12  13  14
 0  0   2  15  16  17
 0  0   0   4  18  19
 0  0   0   0   5  20
 0  0   0   0   0   7

27
25
23
21
19
17

2 0 1
1 9 6 3 0 8 5 2 10 7 4
автобус
ТШЕЮШТШ
8  27  28  29  30  31  32
0  10   0   1   2   3   4
0   0  12   5   6   7   8
0   0   0  13   9  10  11
0   0   0   0  14  12  13
0   0   0   0   0  16  14
0   0   0   0   0   0  17

15
16
17
18
19
20
27

1 0 2
6 8 10 1 3 5 7 9 0 2 4
шкаф
КЁЗЛ
19  22  23  24
 0  20  25  26
 0   0  23  27
 0   0   0  25

28
29
30
31

0 2 1
4 3 2 1 0 10 9 8 7 6 5
вилка
РЧГЪП
26  30   2   7  12
 0  28  17  22  27
 0   0  29  32   4
 0   0   0  31   9
 0   0   0   0  32

14
19
24
29
 1

1 0 2
4 7 10 2 5 8 0 3 6 9 1
платье
ЁЦУЮДЬ
1  5  19   0  14  28
0  2   9  23   8  13
0  0   4  18  23  28
0  0   0   5   0   5
0  0   0   0   7  10
0  0   0   0   0   8

15
20
25
30
 2
 7

1 2 0
5 10 4 9 3 8 2 7 1 6 0
улица
ДФРМЖ
10   9  25   8  24
 0  12   7  23   6
 0   0  13  22   5
 0   0   0  14  21
 0   0   0   0  16

 4
20
 3
19
 2

1 0 2
9 2 6 10 3 7 0 4 8 1 5
аллея
ГРЪОД
17  18   1  17   0
 0  19  31  24  17
 0   0  20  10   3
 0   0   0  23  29
 0   0   0   0  25

22
15
 8
 1
27

0 2 1
1 7 2 8 3 9 4 10 5 0 6
озеро
РРОЫА
26  20  13   6  32
 0  28  25  18  11
 0   0  29   4  30
 0   0   0  31  23
 0   0   0   0  32

16
 9
 2
28
21

2 0 1
4 7 10 2 5 8 0 3 6 9 1
енот
ПЕТО
1  14   7   0
0   2  26  19
0   0   4  12
0   0   0   5

 5
12
29
13

1 0 2
6 5 4 3 2 1 0 10 9 8 7
дерево
ОЙШЛФП
7  30  14  31  15  32
0   8  16   0  17   1
0   0  10  18   2  19
0   0   0  12   3  20
0   0   0   0  13   4
0   0   0   0   0  14

21
 5
22
 6
23
 7

0 2 1
0 6 1 7 2 8 3 9 4 10 5
млекопитающее
ВКЩЯНСФФМШЁЯЬ
16  24   8  25   9  26  10  27  11  28  26  18  10
 0  17   2  27  19  11   3  28  20  12   4  29  21
 0   0  19  13   5  30  22  14   6  31  23  15   7
 0   0   0  20  32  24  16   8   0  25  17   9   1
 0   0   0   0  23  28  27  26  25  24  23  22  21
 0   0   0   0   0  25  20  19  18  17  16  15  14
 0   0   0   0   0   0  26  13  12  11  10   9   8
 0   0   0   0   0   0   0  28   7   6   5   4   3
..  ..  ..  ..  ..  ..  ..  ..  ..  ..  ..  ..  ..
 0   0   0   0   0   0   0   0   0  31  31  30  29
 0   0   0   0   0   0   0   0   0   0  32   0  17
 0   0   0   0   0   0   0   0   0   0   0   1   1
 0   0   0   0   0   0   0   0   0   0   0   0   2

18
 2
19
 3
20
 4
21
 5
..
 6
23
 7
24

1 2 0
8 5 2 10 7 4 1 9 6 3 0
питон
ДЮДСА
4  8  25   9  26
0  5  10  27  11
0  0   7  28  12
0  0   0   8  29
0  0   0   0  10

13
30
14
31
15

2 1 0
8 0 3 6 9 1 4 7 10 2 5
химера
ФРЛЭКД
12  32  16  19   5  24
 0  13  10  29  15   1
 0   0  14  20   6  25
 0   0   0  16  11  30
 0   0   0   0  17  16
 0   0   0   0   0  19

 2
21
 7
26
12
31

0 1 2
2 10 7 4 1 9 6 3 0 8 5
кровать
КЗКВЧЕА
20  17   3  22   8  27  13
 0  23  32  18   4  23   9
 0   0  25  28  14   0   8
 0   0   0  26  22   3  17
 0   0   0   0  28  31  12
 0   0   0   0   0  29  26
 0   0   0   0   0   0  31

 7
21
 2
16
30
11
25

0 2 1
6 5 4 3 2 1 0 10 9 8 7
кокос
ЫУПФФ
32  6  20   1  15
 0  1  29  10  24
 0  0   2   5  19
 0  0   0   4   0
 0  0   0   0   5

14
28
 9
23
 4

2 0 1
10 1 3 5 7 9 0 2 4 6 8
шампунь
ПБГПЫДА
7  18  32  13  27  24  10
0   8  29  15   1  20   6
0   0  10  25  11  30  16
0   0   0  12   2  21   7
0   0   0   0  13  26  12
0   0   0   0   0  14  31
0   0   0   0   0   0  16

17
 3
22
 8
27
13
32

1 0 2
9 3 8 2 7 1 6 0 5 10 4
экзамен
ТФЖГЙНК
17  18   4  23   9  28  14
 0  19   0  19   5   6   5
 0   0  20   4   3   2   1
 0   0   0  23   0  32  31
 0   0   0   0  25  30  29
 0   0   0   0   0  26  28
 0   0   0   0   0   0  28

27
26
25
24
23
22
21

1 2 0
4 1 9 6 3 0 8 5 2 10 7
защита
КЪВЬВИ
29  20  19  18  17  16
 0  31  15  14  13  12
 0   0  32  11  10   9
 0   0   0   1   8   7
 0   0   0   0   2  32
 0   0   0   0   0   4

12
25
 5
18
31
11

1 2 0
9 4 10 5 0 6 1 7 2 8 3
игромания
ЛЮПНШЧЩУЛ
5  24   4  17  30  10  23   3  16
0   7  29   9  22   2  15  28   8
0   0   8  21   1  14  27   7  20
0   0   0  10   0  13  26   6  19
0   0   0   0  12  31   3   8  13
0   0   0   0   0  13  18  23  28
0   0   0   0   0   0  14   0   5
0   0   0   0   0   0   0  16  10
0   0   0   0   0   0   0   0  17

15
20
25
30
 2
 7
12
17
22

2 0 1
3 5 7 9 0 2 4 6 8 10 1
велосипед
ЮЬЛАТЁСЛЗ
19  27  32   4   9  14  19  24  29
 0  20   1   6  11  16  21  26   4
 0   0  23  23   9  28  14   0  19
 0   0   0  25   5  24  10  29  15
 0   0   0   0  26   1  20   6  25
 0   0   0   0   0  28  11  30  16
 0   0   0   0   0   0  29   2  21
 0   0   0   0   0   0   0  31   7
 0   0   0   0   0   0   0   0  32

26
12
31
17
 3
22
 8
27
13

0 1 2
4 1 9 6 3 0 8 5 2 10 7
каток
ТЛБВВ
1  32  18  31  26
0   2  21  16  11
0   0   4   6   1
0   0   0   5  29
0   0   0   0   7

24
19
14
 9
 4

0 1 2
1 4 7 10 2 5 8 0 3 6 9
олимпиада
ЧИВЩГКОЫЪ
8  32  27  22  17  12   7   2  30
0  10  25  20  15  10   5   0  28
0   0  12  23  18  13   8   3  14
0   0   0  13  27   7  20   0  13
0   0   0   0  14  26   6  19  32
0   0   0   0   0  16  12  25   5
0   0   0   0   0   0  17  18  31
0   0   0   0   0   0   0  19  11
0   0   0   0   0   0   0   0  20

24
 4
17
30
10
23
 3
16
29

2 0 1
6 5 4 3 2 1 0 10 9 8 7
музей
КЖДЦБ
23   9  22   2  15
 0  25  28   8  21
 0   0  26   1  15
 0   0   0  28   1
 0   0   0   0  29

20
 6
25
11
30

0 2 1
1 7 2 8 3 9 4 10 5 0 6
кинотеатр
ЧЕЭЬГТФЕЦ
31  16  2  21   7  26  12  31  17
 0  32  3  22   8  27  13  32  18
 0   0  1   4  23   9  28  14   0
 0   0  0   2  19   5  24  10  29
 0   0  0   0   4  12   4  29  21
 0   0  0   0   0   5  13   5  30
 0   0  0   0   0   0   7  22  14
 0   0  0   0   0   0   0   8   6
 0   0  0   0   0   0   0   0  10

31
23
15
 7
32
24
16
 8
 0

2 0 1
9 0 2 4 6 8 10 1 3 5 7
время
ЖЩСТМ
12  25  17   9   1
 0  13  26  18  10
 0   0  14   2  27
 0   0   0  16  19
 0   0   0   0  17

11
 3
28
20
17

0 2 1
3 7 0 4 8 1 5 9 2 6 10
часовщик
ЭЁКШЪЁФП
19  27   4  14  24   1  11  21
 0  20  31   8  18  28   5  15
 0   0  23  25   2  12  22  32
 0   0   0  25   9  19  29   6
 0   0   0   0  26  16  26   3
 0   0   0   0   0  28  13  23
 0   0   0   0   0   0  29   0
 0   0   0   0   0   0   0  31

10
20
30
 7
12
29
13
30

2 1 0
7 4 1 9 6 3 0 8 5 2 10
креативность
СЦХУАЛООНШРВ
32  14  31  15  32  16   0  17   1  18   2  19
 0   1   3  20   4  21   5  22   6  23   7  24
 0   0   2   8  25   9  26  10  27  11  28  20
 0   0   0   4   0  13  26   6  19  32  12  25
 0   0   0   0   5   5  18  31  11  24   4  17
 0   0   0   0   0   7  30  10  23   3  16  29
 0   0   0   0   0   0   8   9  22   2  15  28
 0   0   0   0   0   0   0  10   8  21   1  14
 0   0   0   0   0   0   0   0  12  27   7   3
 0   0   0   0   0   0   0   0   0  13  29  22
 0   0   0   0   0   0   0   0   0   0  14  15
 0   0   0   0   0   0   0   0   0   0   0  16

 8
 1
27
20
13
 6
32
25
18
11
 4
30

1 2 0
9 3 8 2 7 1 6 0 5 10 4
запас
ДИИЩП
17  23  16   9   2
 0  19  28  21  14
 0   0  20   7   0
 0   0   0  23  26
 0   0   0   0  25

19
12
 5
31
24

2 1 0
5 3 1 10 8 6 4 2 0 9 7
война
ППФРЗ
26  17  10  29   4
 0  28  12  20  28
 0   0  29   3  11
 0   0   0  31  19
 0   0   0   0  32

27
 2
10
18
26

2 0 1
10 8 6 4 2 0 9 7 5 3 1
индульгенция
ДЙТКСНЩЮМЁНУ
1  1   9  17  25   0   8  16  24  32   7  15
0  2  23  31   6  14  22  30   5  13  21  31
0  0   4  14  30  13  29  12  28  11  27  10
0  0   0   5  26   9  25   8  24   7  23   6
0  0   0   0   7  22   5  21   4  20   3  19
0  0   0   0   0   8   2  18   1  17   0  16
0  0   0   0   0   0  10  32  15   5  25  12
0  0   0   0   0   0   0  12  32  19   6  26
0  0   0   0   0   0   0   0  13  13   0  20
0  0   0   0   0   0   0   0   0  14   7  27
0  0   0   0   0   0   0   0   0   0  16  14
0  0   0   0   0   0   0   0   0   0   0  17

 1
21
 8
28
15
 2
22
 9
29
16
 3
23

0 2 1
2 8 3 9 4 10 5 0 6 1 7
краткость
ОЮЕЮКФВШЕ
19  10  30  17   4  24  11  31  18
 0  20  32  30  28  26  24  22  20
 0   0  23  18  16  14  12  10   8
 0   0   0  25   6   4   2   0  31
 0   0   0   0  26  29  27  25  23
 0   0   0   0   0  28  21  19  17
 0   0   0   0   0   0  29  15  13
 0   0   0   0   0   0   0  31  11
 0   0   0   0   0   0   0   0  32

 9
 7
 5
 3
 1
24
 8
25
 9

0 1 2
6 10 3 7 0 4 8 1 5 9 2
молчание
ЕЛЗГЭЫЩЧ
1  26  10  27  11  28  12  29
0   2  13  30  14  31  15  32
0   0   4  16   0  17   1  18
0   0   0   5   2  19   3  20
0   0   0   0   7   4  21   5
0   0   0   0   0   8  22   6
0   0   0   0   0   0  10  23
0   0   0   0   0   0   0  12

 7
 6
10
14
18
22
26
30

2 0 1
6 3 0 8 5 2 10 7 4 1 9
талант
ЙЬЁЭЙЁ
13   1   5   9  13  17
 0  14  21  25  29   0
 0   0  16   4   8  12
 0   0   0  17  16  20
 0   0   0   0  19  24
 0   0   0   0   0  20

28
32
 3
 7
11
15

0 1 2
7 9 0 2 4 6 8 10 1 3 5
плесень
ЭФЧЙБПЬ
23  19  23  27  31   2  17
 0  25   3  22   8  27  13
 0   0  26  32  18   4  23
 0   0   0  28   9  28  14
 0   0   0   0  29   0  19
 0   0   0   0   0  31   5
 0   0   0   0   0   0  32

24
10
29
15
 1
20
 6

1 2 0
2 3 4 5 6 7 8 9 10 0 1
кефир
ЦУМГЯ
1  25  11  30  16
0   2   2  21   7
0   0   4  26  12
0   0   0   5  31
0   0   0   0   7

18
31
11
24
 4

0 1 2
1 9 6 3 0 8 5 2 10 7 4
завод
РНЯЬП
8  17  30  10  23
0  10   3  16  29
0   0  12   9  22
0   0   0  13   2
0   0   0   0  14

15
28
 8
21
 1

2 0 1
6 8 10 1 3 5 7 9 0 2 4
работодатель
ЖШУРДЪКЛСТСХ
16  14  27   7  20   0  13  26   6  19  32  12
 0  17  25   5  13  14  15  16  17  18  19  20
 0   0  19  21  22  23  24  25  26  27  28  29
 0   0   0  20  30  31  32   0   1   2   3   4
 0   0   0   0  23   5   6   7   8   9  10  11
 0   0   0   0   0  25  12  12  31  17   3  22
 0   0   0   0   0   0  26   8  27  13  32  18
 0   0   0   0   0   0   0  28   4  23   9  28
 0   0   0   0   0   0   0   0  29  14   0  19
 0   0   0   0   0   0   0   0   0  31   5  24
 0   0   0   0   0   0   0   0   0   0  32  10
 0   0   0   0   0   0   0   0   0   0   0   1

29
15
 1
20
 6
25
11
30
16
 2
21
 7

2 0 1
10 8 6 4 2 0 9 7 5 3 1
переговоры
ХЫВСЪПЮХШФ
2  26  17  30  10  23   3  16  29   9
0   4  22   2  15  28   8  21   1  14
0   0   5  27   7  20   0  13  26   6
0   0   0   7  19  32  12  25   5  18
0   0   0   0   8  31  11  24   4  32
0   0   0   0   0  10  30  28  26  24
0   0   0   0   0   0  12  22  20  18
0   0   0   0   0   0   0  13  16  14
0   0   0   0   0   0   0   0  14  12
0   0   0   0   0   0   0   0   0  16

10
 8
 6
 4
 2
 0
31
29
27
25

2 0 1
10 6 2 9 5 1 8 4 0 7 3
удар
ИФГЩ
17  23  21  19
 0  19  17  15
 0   0  20  13
 0   0   0  23

11
 9
 7
 5

2 0 1
8 2 7 1 6 0 5 10 4 9 3
преступление
УЮОГЫОСЗЧЗЦУ
25   3   1  32   6  13  20  27   1   8  15  22
 0  26  29   3  10  17  24  31   5  12  19  26
 0   0  28   0   7  14  21  28   2   9  16  23
 0   0   0  29  30   4  11  18  25   8  24   7
 0   0   0   0  31  23   6  22   5  21   4  20
 0   0   0   0   0  32   3  19   2  18   1  17
 0   0   0   0   0   0   1   0  16  32  15  31
 0   0   0   0   0   0   0   2  14  30  13  29
 0   0   0   0   0   0   0   0   4  12  28  11
 0   0   0   0   0   0   0   0   0   5  27  10
 0   0   0   0   0   0   0   0   0   0   7  26
 0   0   0   0   0   0   0   0   0   0   0   8

 9
25
 8
13
18
23
28
 0
 5
10
15
20

0 2 1
7 8 9 10 0 1 2 3 4 5 6
похищение
ИБСДУЭЁЭБ
10  17   7  30  20  10   0  23  13
 0  12   3  26  16   6  29  19   9
 0   0  13  32  22  12   2  25  15
 0   0   0  14   5  28   8  13  18
 0   0   0   0  16  23  28   0   5
 0   0   0   0   0  17  10  15  20
 0   0   0   0   0   0  19  25  30
 0   0   0   0   0   0   0  20   2
 0   0   0   0   0   0   0   0  23

 7
12
17
22
27
32
 4
 9
14

2 0 1
4 3 2 1 0 10 9 8 7 6 5
вспыльчивость
ЪЙЙЖРХХШУЮОЦЁ
25  15  25   2  12  22  32   9  19  29   6  16   8
 0  26  13  18  23  28   0   5  10  15  20  25  30
 0   0  28   2   7  12  17  22  27  32   4   9  14
 0   0   0  29  19  24  29   1   6  11  16  21  26
 0   0   0   0  31  31   3  21  22  23  24  25  26
 0   0   0   0   0  32  27  28  29  30  31  32   0
 0   0   0   0   0   0   1   1   2   3   4   5   6
 0   0   0   0   0   0   0   2   7   8   9  10  11
..  ..  ..  ..  ..  ..  ..  ..  ..  ..  ..  ..  ..
 0   0   0   0   0   0   0   0   0   5  16  17  18
 0   0   0   0   0   0   0   0   0   0   7  19  20
 0   0   0   0   0   0   0   0   0   0   0   8  27
 0   0   0   0   0   0   0   0   0   0   0   0  10

25
23
21
19
17
15
13
11
..
 7
 5
 3
 1

2 0 1
8 3 9 4 10 5 0 6 1 7 2
бегать
ДПИФЭИ
12   2   3   4   5   6
 0  13   7   8   9  10
 0   0  14  11  12  13
 0   0   0  16  14  15
 0   0   0   0  17  16
 0   0   0   0   0  19

17
18
19
20
27
25

2 0 1
0 6 1 7 2 8 3 9 4 10 5
кресло
ОВНЗОН
20  23  24  25  26  27
 0  23  28  29  30  31
 0   0  25  32   0   1
 0   0   0  26   2   3
 0   0   0   0  28   4
 0   0   0   0   0  29

 5
 6
 7
 8
 9
10

2 1 0
8 0 3 6 9 1 4 7 10 2 5
трусость
ЛЗГЩЕШЬР
31  24  29   1   6  11  16  21
 0  32  26  31   3  21  22  23
 0   0   1  24  25  26  27  28
 0   0   0   2  29  30  31  32
 0   0   0   0   4   0   1   2
 0   0   0   0   0   5   3   4
 0   0   0   0   0   0   7   5
 0   0   0   0   0   0   0   8

 6
 7
 8
 9
10
11
12
13

0 2 1
0 10 9 8 7 6 5 4 3 2 1
лицемерие
ЁГЙЖОБМОР
10   6  11  16  21  26  31   3  21
 0  12  22  23  24  25  26  27  28
 0   0  13  29  30  31  32   0   1
 0   0   0  14   2   3   4   5   6
 0   0   0   0  16   7   8   9  10
 0   0   0   0   0  17  11  12  13
 0   0   0   0   0   0  19  14  15
 0   0   0   0   0   0   0  20  16
 0   0   0   0   0   0   0   0  23

17
18
19
20
27
25
23
21
19

1 2 0
4 5 6 7 8 9 10 0 1 2 3
поцелуй
ЁЛЁФПШЁ
25  26  27  28  29  30  31
 0  26  32   0   1   2   3
 0   0  28   4   5   6   7
 0   0   0  29   8   9  10
 0   0   0   0  31  11  12
 0   0   0   0   0  32  13
 0   0   0   0   0   0   1

14
15
16
17
18
19
20

0 1 2
6 4 2 0 9 7 5 3 1 10 8
пьяница
ЁЗСЭПСО
2  21  22  23  24  25  26
0   4  27  28  29  30  31
0   0   5  32   0   1   2
0   0   0   7   3   4   5
0   0   0   0   8   6   7
0   0   0   0   0  10   8
0   0   0   0   0   0  12

 9
10
11
12
13
14
15

2 0 1
6 3 0 8 5 2 10 7 4 1 9
водка
ДЙЖЕС
13  16  21  26  31
 0  14   3  21  22
 0   0  16  23  24
 0   0   0  17  25
 0   0   0   0  19

26
27
28
29
30

2 1 0
5 6 7 8 9 10 0 1 2 3 4
виски
ЬИЪПЕ
20  25  30   2   7
 0  23  12  17  22
 0   0  25  27  32
 0   0   0  26   4
 0   0   0   0  28

 9
14
19
24
29

2 0 1
2 4 6 8 10 1 3 5 7 9 0
пианино
ФУКЛИЕЩ
29  30  10  23   3  16  29
 0  31   9  22   8  13  18
 0   0  32  23  28   0   5
 0   0   0   1  10  15  20
 0   0   0   0   2  25  30
 0   0   0   0   0   4   2
 0   0   0   0   0   0   5

 7
12
17
22
27
32
 4

0 1 2
0 10 9 8 7 6 5 4 3 2 1
скрипка
ЪКЮГОЮЗ
7  2  12  22  32   9  19
0  8  29   6  16  26   3
0  0  10  13  23   8  13
0  0   0  12  18  23  28
0  0   0   0  13   0   5
0  0   0   0   0  14  10
0  0   0   0   0   0  16

15
20
25
30
 2
 7
12

0 2 1
6 8 10 1 3 5 7 9 0 2 4
математика
ЗРОВИТЪЪМЪ
17   3   5   7   9  11  13  15  17  19
 0  19  21  23  25  27  29  31   0   2
 0   0  20   4   8  13  18  23  28   0
 0   0   0  23   5  10  15  20  25  30
 0   0   0   0  25   2   7  12  17  22
 0   0   0   0   0  26  27  32   4   9
 0   0   0   0   0   0  28  14  19  24
 0   0   0   0   0   0   0  29  29   1
 0   0   0   0   0   0   0   0  31   6
 0   0   0   0   0   0   0   0   0  32

11
16
21
26
31
 3
21
22
23
24

2 0 1
5 10 4 9 3 8 2 7 1 6 0
программа
ЁЗЛЪИДБЩЩ
1  28  0  5  10  15  20  25  30
0   2  2  7  12  17  22  27  32
0   0  4  4   9  14  19  24  29
0   0  0  5   1   6  11  16  21
0   0  0  0   7  26  31   3  21
0   0  0  0   0   8  22  23  24
0   0  0  0   0   0  10  25  26
0   0  0  0   0   0   0  12  27
0   0  0  0   0   0   0   0  13

28
29
30
31
32
 0
 1
 2
 3

0 2 1
10 2 5 8 0 3 6 9 1 4 7
телефон
ГПБТПЖЯ
14  22  27  32   4   9  14
 0  16  19  24  29   1   6
 0   0  17  11  16  21  26
 0   0   0  19  31   3  21
 0   0   0   0  20  22  23
 0   0   0   0   0  23  24
 0   0   0   0   0   0  25

25
26
27
28
29
30
31

2 1 0
6 10 3 7 0 4 8 1 5 9 2
телевизор
ФЮЛИКШЙХХ
26  30   2   7  12  17  22  27  32
 0  28   4   9  14  19  24  29   1
 0   0  29   6  11  16  21  26  31
 0   0   0  31   3  21  22  23  24
 0   0   0   0  32  25  26  27  28
 0   0   0   0   0   1  29  30  31
 0   0   0   0   0   0   2  32   0
 0   0   0   0   0   0   0   4   1
 0   0   0   0   0   0   0   0   5

 2
 3
 4
 5
 6
 7
 8
 9
10

0 2 1
10 0 1 2 3 4 5 6 7 8 9
приставка
НИЬЦЭЭТЯК
7  24  29   1   6  11  16  21  26
0   8  31   3  21  22  23  24  25
0   0  10  26  27  28  29  30  31
0   0   0  12  32   0   1   2   3
0   0   0   0  13   4   5   6   7
0   0   0   0   0  14   8   9  10
0   0   0   0   0   0  16  11  12
0   0   0   0   0   0   0  17  13
0   0   0   0   0   0   0   0  19

14
15
16
17
18
19
20
27
25

0 2 1
1 9 6 3 0 8 5 2 10 7 4
устройство
ЩЫМЧЯЮЖМЭЭ
20  23  24  25  26  27  28  29  30  31
 0  23  32   0   1   2   3   4   5   6
 0   0  25   7   8   9  10  11  12  13
 0   0   0  26  14  15  16  17  18  19
 0   0   0   0  28  20  27  25  23  21
 0   0   0   0   0  29  19  17  15  13
 0   0   0   0   0   0  31  11   9   7
 0   0   0   0   0   0   0  32   5   3
 0   0   0   0   0   0   0   0   1   1
 0   0   0   0   0   0   0   0   0   2

32
30
28
26
24
22
20
18
16
14

2 1 0
7 9 0 2 4 6 8 10 1 3 5
событие
ЬАЪБЪЩО
4  12  13  14  15  16  17
0   5  18  19  20  27  25
0   0   7  23  21  19  17
0   0   0   8  15  13  11
0   0   0   0  10   9   7
0   0   0   0   0  12   5
0   0   0   0   0   0  13

 3
 1
32
30
28
26
24

2 1 0
5 4 3 2 1 0 10 9 8 7 6
красивый
ЖСГОЙЧСЙ
14   7   8   9  10  11  12  13
 0  16  14  15  16  17  18  19
 0   0  17  20  27  25  23  21
 0   0   0  19  19  17  15  13
 0   0   0   0  20  11   9   7
 0   0   0   0   0  23   5   3
 0   0   0   0   0   0  25   1
 0   0   0   0   0   0   0  26

32
30
28
26
24
22
20
18

2 1 0
8 3 9 4 10 5 0 6 1 7 2
отвратительно
ЙНВОЮКУЧЙМЕЬЁ
28  10  11  12  13  14  15  16  17  18  19  20  27
 0  29  25  23  21  19  17  15  13  11   9   7   5
 0   0  31   3   1  32  30  28  26  24  22  20  18
 0   0   0  32  16  14  12  10   8   6   4   2   0
 0   0   0   0   1  31  29  20  25  30   2   7  12
 0   0   0   0   0   2  17  22  27  32   4   9  14
 0   0   0   0   0   0   4  19  24  29   1   6  11
 0   0   0   0   0   0   0   5  16  21  26  31   3
..  ..  ..  ..  ..  ..  ..  ..  ..  ..  ..  ..  ..
 0   0   0   0   0   0   0   0   0   8  28   0   5
 0   0   0   0   0   0   0   0   0   0  10  10  15
 0   0   0   0   0   0   0   0   0   0   0  12  23
 0   0   0   0   0   0   0   0   0   0   0   0  13

30
 4
11
18
25
32
 6
13
..
27
 1
 8
15

1 0 2
5 10 4 9 3 8 2 7 1 6 0
престиж
ЯЭЩКЫВС
14  24  29   1   6  11  16
 0  16  21  26  31   3   8
 0   0  17  13  18  23  28
 0   0   0  19   0   5  10
 0   0   0   0  20  15  23
 0   0   0   0   0  23  30
 0   0   0   0   0   0  25

 4
11
18
25
32
 6
13

0 2 1
5 1 8 4 0 7 3 10 6 2 9
выхухоль
ЩЯХЬЩЯЧН
26  32   4   9  14  19  24  29
 0  28   1   6  11  16  21  26
 0   0  29  31   3   8  13  18
 0   0   0  31  23  28   0   5
 0   0   0   0  32  10  15  23
 0   0   0   0   0   1  30   4
 0   0   0   0   0   0   2  11
 0   0   0   0   0   0   0   4

18
25
32
 6
13
20
27
 1

0 2 1
6 7 8 9 10 0 1 2 3 4 5
кашель
ОГЩШЮК
5  14  19  24  29   1
0   7   6  11  16  21
0   0   8  26  31   3
0   0   0  10   8  13
0   0   0   0  12  18
0   0   0   0   0  13

23
28
 0
 5
10
15

1 2 0
0 9 7 5 3 1 10 8 6 4 2
медицина
КЖАЯФШЫИ
14  20  25  30   2   7  12  17
 0  16  22  27  32   4   9  14
 0   0  17  19  24  29   1   6
 0   0   0  19  11  16  21  26
 0   0   0   0  20  31   3   8
 0   0   0   0   0  23  13  18
 0   0   0   0   0   0  25  23
 0   0   0   0   0   0   0  26

28
 0
 5
10
15
23
30
 4

0 1 2
3 10 6 2 9 5 1 8 4 0 7
предупреждение
РЯМЁВСЦКРЧНЖТГ
28   2   7  12  17  22  27  32   4   9  14  19  24  29
 0  29   1   6  11  16  21  26  31   3   8  13  18  23
 0   0  31  28   0   5  10  15  23  30   4  11  18  25
 0   0   0  32  32   6  13  20  27   1   8  15  22  29
 0   0   0   0   1   3  10  17  24  31   5  12  19  26
 0   0   0   0   0   2   0   7  14  21  28   2   9  16
 0   0   0   0   0   0   4  14   7   0  26  19  12   5
 0   0   0   0   0   0   0   5  31  24  17  10   3  29
..  ..  ..  ..  ..  ..  ..  ..  ..  ..  ..  ..  ..  ..
 0   0   0   0   0   0   0   0   0   0  10  25  18  11
 0   0   0   0   0   0   0   0   0   0   0  12   4  30
 0   0   0   0   0   0   0   0   0   0   0   0  13  23
 0   0   0   0   0   0   0   0   0   0   0   0   0  14

16
 9
 2
28
21
25
 0
 8
..
32
 7
15
23

2 0 1
1 3 5 7 9 0 2 4 6 8 10
арест
ЛДВКЁ
16  17  10   3  29
 0  17  22  15   8
 0   0  19   1  27
 0   0   0  20  20
 0   0   0   0  23

13
 6
32
25
18

2 0 1
7 10 2 5 8 0 3 6 9 1 4
поздравление
ФЛЪУЙЬОЭЫЛФТ
25  26   0   7  14  21  28   2   9  16  14   7
 0  26   0  26  19  12   5  31  24  17  10   3
 0   0  28  29  22  15   8   1  27  20  13   6
 0   0   0  29  32  25  18  11   4  30  23  16
 0   0   0   0  31   9   2  28  21  25   0   8
 0   0   0   0   0  32  16  24  32   7  15  23
 0   0   0   0   0   0   1  31   6  14  22  30
 0   0   0   0   0   0   0   2   5  13  21  29
 0   0   0   0   0   0   0   0   4   4  12  20
 0   0   0   0   0   0   0   0   0   5  28   3
 0   0   0   0   0   0   0   0   0   0   7  11
 0   0   0   0   0   0   0   0   0   0   0   8

19
27
 2
10
18
26
 1
 9
17
18
13
 8

0 2 1
0 8 5 2 10 7 4 1 9 6 3
праздник
ЙМУСЖЫЁХ
10  16  24  32   7  15  23  31
 0  12   6  14  22  30   5  13
 0   0  13  21  29   4  12  20
 0   0   0  14  28   3  11  19
 0   0   0   0  16  27   2  10
 0   0   0   0   0  17  18  26
 0   0   0   0   0   0  19   1
 0   0   0   0   0   0   0  20

 9
17
18
13
 8
 3
31
26

1 2 0
2 4 6 8 10 1 3 5 7 9 0
успех
НЧЗЯЩ
23   7  15  23  31
 0  25   6  14  22
 0   0  26  30   5
 0   0   0  28  13
 0   0   0   0  29

21
29
 4
12
20

0 2 1
4 2 0 9 7 5 3 1 10 8 6
трава
ХОВКЭ
31  32  25  18  11
 0  32   4  30  23
 0   0   1  16   9
 0   0   0   2   2
 0   0   0   0   4

28
21
25
 0
 8

2 0 1
10 5 0 6 1 7 2 8 3 9 4
канцелярия
ЕЗНУГВЗБЩФ
5  26  19  12   5  31  24  17  10   3
0   7  29  22  15   8   1  27  20  13
0   0   8   6  32  25  18  11   4  30
0   0   0  10  23  16   9   2  28  21
0   0   0   0  12  25   0   8  16  24
0   0   0   0   0  13  32   7  15  23
0   0   0   0   0   0  14  31   6  14
0   0   0   0   0   0   0  16  22  30
0   0   0   0   0   0   0   0  17   5
0   0   0   0   0   0   0   0   0  19

13
21
29
 4
12
20
28
 3
11
19

0 1 2
2 6 10 3 7 0 4 8 1 5 9
лекарство
ЬХУЁГЗЖЬМ
20   4  30  23  16   9   2  28  21
 0  23  25   0   8  16  24  32   7
 0   0  25  15  23  31   6  14  22
 0   0   0  26  30   5  13  21  29
 0   0   0   0  28   4  12  20  28
 0   0   0   0   0  29   3  11  19
 0   0   0   0   0   0  31  27   2
 0   0   0   0   0   0   0  32  10
 0   0   0   0   0   0   0   0   1

18
26
 1
 9
17
18
13
 8
 3

1 0 2
1 4 7 10 2 5 8 0 3 6 9
будильник
ЩЁУИЖЬМШЙ
2  24  32   7  15  23  31   6  14
0   4  22  30   5  13  21  29   4
0   0   5  12  20  28   3  11  19
0   0   0   7  27   2  10  18  26
0   0   0   0   8   1   9  17  18
0   0   0   0   0  10  13   8   3
0   0   0   0   0   0  12  31  26
0   0   0   0   0   0   0  13  21
0   0   0   0   0   0   0   0  14

16
11
 6
 1
29
24
19
14
 9

1 2 0
3 6 9 1 4 7 10 2 5 8 0
сумерки
ЪСВЧПХЛ
16  21  29   4  12  20  28
 0  17   3  11  19  27   2
 0   0  19  10  18  26   1
 0   0   0  20   9  17  18
 0   0   0   0  23  13   8
 0   0   0   0   0  25   3
 0   0   0   0   0   0  26

31
26
21
16
11
 6
 1

2 1 0
7 1 6 0 5 10 4 9 3 8 2
рассвет
ТДЪЯЩЛЬ
28  14  22  30   5  13  21
 0  29  29   4  12  20  28
 0   0  31   3  11  19  27
 0   0   0  32   2  10  18
 0   0   0   0   1  26   1
 0   0   0   0   0   2   9
 0   0   0   0   0   0   4

17
18
13
 8
 3
31
26

2 0 1
4 1 9 6 3 0 8 5 2 10 7
выход
ВИЖКН
5  7  15  23  31
0  7   6  14  22
0  0   8  30   5
0  0   0  10  13
0  0   0   0  12

21
29
 4
12
20

1 0 2
0 8 5 2 10 7 4 1 9 6 3
летать
ЁРЩЦЖХ
13  32  25  18  11   4
 0  14  30  23  16   9
 0   0  16   2  28  21
 0   0   0  17  25   0
 0   0   0   0  19   8
 0   0   0   0   0  20

16
24
32
 7
15
23

1 0 2
5 6 7 8 9 10 0 1 2 3 4
тетрадь
ФАОНГЗЕ
23  17  10   3  29  22  15
 0  25   8   1  27  20  13
 0   0  26   6  32  25  18
 0   0   0  28  11   4  30
 0   0   0   0  29  23  16
 0   0   0   0   0  31   9
 0   0   0   0   0   0  32

 2
28
21
25
 0
 8
16

1 2 0
8 3 9 4 10 5 0 6 1 7 2
кровь
ЪЖРСЬ
1  19  12   5  31
0   2  24  17  10
0   0   4   3  29
0   0   0   5  22
0   0   0   0   7

15
 8
 1
27
20

0 2 1
7 0 4 8 1 5 9 2 6 10 3
метрополитен
ГФЕЕОРГЭНГЙФ
8  24  31   5  12  19  26   0   7  14  21  28
0  10   2   9  16  14   7   0  26  19  12   5
0   0  12  31  24  17  10   3  29  22  15   8
0   0   0  13   1  27  20  13   6  32  25  18
0   0   0   0  14  11   4  30  23  16   9   2
0   0   0   0   0  16  28  21  25   0   8  16
0   0   0   0   0   0  17  24  32   7  15  23
0   0   0   0   0   0   0  19  31   6  14  22
0   0   0   0   0   0   0   0  20  30   5  13
0   0   0   0   0   0   0   0   0  23  21  29
0   0   0   0   0   0   0   0   0   0  25   4
0   0   0   0   0   0   0   0   0   0   0  26

12
20
28
 3
11
19
27
 2
10
18
26
 1

1 2 0
10 9 8 7 6 5 4 3 2 1 0
зима
ФЧЧЭ
28  28  21  25
 0  29   0   8
 0   0  31  16
 0   0   0  32

24
32
 7
15

1 2 0
7 8 9 10 0 1 2 3 4 5 6
жизнь
МПЧЗЪ
1  24  17  10   3
0   2  29  22  15
0   0   4   8   1
0   0   0   5  27
0   0   0   0   7

20
13
 6
32
25

0 1 2
6 2 9 5 1 8 4 0 7 3 10
порог
БЗООС
8  19  26   0   7
0  10  14  21  28
0   0  12   2   9
0   0   0  13  16
0   0   0   0  14

14
 7
 0
26
19

1 2 0
4 9 3 8 2 7 1 6 0 5 10
замечать
ЛЭЮОТЫКШ
16  25  32   6  13  20  27   1
 0  17   8  15  22  29   3  10
 0   0  19  17  24  31   5  12
 0   0   0  20  19  26   0   7
 0   0   0   0  23  14  21  28
 0   0   0   0   0  25   2   9
 0   0   0   0   0   0  26  16
 0   0   0   0   0   0   0  28

14
 7
 0
26
19
12
 5
31

1 0 2
2 1 0 10 9 8 7 6 5 4 3
рисунок
ЭВАКЁФЙ
29  13  20  27   1   8  15
 0  31  22  29   3  10  17
 0   0  32  24  31   5  12
 0   0   0   1  19  26   0
 0   0   0   0   2   7  14
 0   0   0   0   0   4  21
 0   0   0   0   0   0   5

28
 2
 9
16
14
 7
 0

2 1 0
5 6 7 8 9 10 0 1 2 3 4
дорога
НЗДЗШЭ
7  11  18  25  32   6
0   8  13  20  27   1
0   0  10   8  15  22
0   0   0  12  29   3
0   0   0   0  13  10
0   0   0   0   0  14

17
24
31
 5
12
19

2 1 0
2 7 1 6 0 5 10 4 9 3 8
поезд
ЁЖШЙХ
16   8  13  18  23
 0  17  28   0   5
 0   0  19  10  15
 0   0   0  20  23
 0   0   0   0  23

30
 4
11
18
25

2 0 1
7 3 10 6 2 9 5 1 8 4 0
билет
ЦДБФР
25  17  22  27  32
 0  26   4   9  14
 0   0  28  19  24
 0   0   0  29  29
 0   0   0   0  31

 1
 6
11
16
21

0 2 1
2 10 7 4 1 9 6 3 0 8 5
звезда
ИНЕЛБЮ
32  18  16  14  12  10
 0   1   8   6   4   2
 0   0   2   0  31  29
 0   0   0   4  20  25
 0   0   0   0   5  30
 0   0   0   0   0   7

 2
 7
12
17
22
27

0 2 1
10 2 5 8 0 3 6 9 1 4 7
солнце
РЯГЖБО
8   9   7   5   3   1
0  10  32  30  28  26
0   0  12  24  22  20
0   0   0  13  18  16
0   0   0   0  14  14
0   0   0   0   0  16

12
10
 8
 6
 4
 2

2 1 0
9 5 1 8 4 0 7 3 10 6 2
ночь
ВЩМЮ
17  18  19  20
 0  19  27  25
 0   0  20  23
 0   0   0  23

21
19
17
15

1 0 2
10 2 5 8 0 3 6 9 1 4 7
высота
БИШЕЙУ
25  28  29  30  31  32
 0  26   0   1   2   3
 0   0  28   4   5   6
 0   0   0  29   7   8
 0   0   0   0  31   9
 0   0   0   0   0  32

10
11
12
13
14
15

0 1 2
7 1 6 0 5 10 4 9 3 8 2
район
ТИЕМЬ
1  16  21  26  31
0   2   3  21  22
0   0   4  23  24
0   0   0   5  25
0   0   0   0   7

26
27
28
29
30

0 2 1
9 10 0 1 2 3 4 5 6 7 8
квартал
ЯЕЦДУТХ
8  25  30   2   7  12  17
0  10  22  27  32   4   9
0   0  12  14  19  24  29
0   0   0  13   1   6  11
0   0   0   0  14  16  21
0   0   0   0   0  16  26
0   0   0   0   0   0  17

31
 3
21
22
23
24
25

1 2 0
3 2 1 0 10 9 8 7 6 5 4
массив
МЖБПНЧ
19   0   5  10  15  20
 0  20  25  30   2   7
 0   0  23  12  17  22
 0   0   0  25  27  32
 0   0   0   0  26   4
 0   0   0   0   0  28

 9
14
19
24
29
 1

2 1 0
4 9 3 8 2 7 1 6 0 5 10
уходить
ВЁЫЪМЭГ
29  24  29   1   6  11  16
 0  31  21   8  13  18  23
 0   0  32  28   0   5  10
 0   0   0   1  15  20  25
 0   0   0   0   2  30   2
 0   0   0   0   0   4   7
 0   0   0   0   0   0   5

12
17
22
27
32
 4
 9

0 1 2
9 5 1 8 4 0 7 3 10 6 2
вина
ЛЁАЪ
7  24  31   5
0   8  12  19
0   0  10  26
0   0   0  12

 0
 7
14
21

1 0 2
1 2 3 4 5 6 7 8 9 10 0
врать
КЖЪТР
13  28   2   1  24
 0  14  14   4  27
 0   0  16  17   7
 0   0   0  17  30
 0   0   0   0  19

20
10
 0
23
13

2 1 0
0 10 9 8 7 6 5 4 3 2 1
красный
ЧВЭЮЭЖФ
20   3  26  16   6  29  19
 0  23   9  32  22  12   2
 0   0  25  25  15   5  28
 0   0   0  26  18   8  31
 0   0   0   0  28  21  11
 0   0   0   0   0  29  11
 0   0   0   0   0   0  31

10
 9
 8
 7
 6
 5
 4

0 2 1
7 8 9 10 0 1 2 3 4 5 6
крапива
ВХНЛИГД
32  3   2   1   0  32  31
 0  1  30  29  28  27  26
 0  0   2  25  24  23  22
 0  0   0   4  21  20  19
 0  0   0   0   5  18  17
 0  0   0   0   0   7  16
 0  0   0   0   0   0   8

15
14
13
12
18
 8
31

2 1 0
10 3 7 0 4 8 1 5 9 2 6
ромашка
АКЬСЭЬШ
10  21  11   1  24  14   4
 0  12  27  17   7  30  20
 0   0  13  10   0  23  13
 0   0   0  14   3  26  16
 0   0   0   0  16   6  29
 0   0   0   0   0  17  19
 0   0   0   0   0   0  19

 9
32
22
12
 2
25
15

0 1 2
1 9 6 3 0 8 5 2 10 7 4
одуванчик
ОЁНЭОТКЗЛ
20   5  28  32  25  18  11   4  30
 0  23  23  16   9   2  28  21  14
 0   0  25   7   0  26  19  12   5
 0   0   0  26  31  24  17  10   3
 0   0   0   0  28  29  22  15   8
 0   0   0   0   0  29   1  27  20
 0   0   0   0   0   0  31  13   6
 0   0   0   0   0   0   0  32  12
 0   0   0   0   0   0   0   0   1

31
17
 3
22
 8
27
13
32
18

1 0 2
3 1 10 8 6 4 2 0 9 7 5
пума
ЬЭГТ
2  4  23   9
0  4  28  14
0  0   5   0
0  0   0   7

19
 5
24
10

1 0 2
6 8 10 1 3 5 7 9 0 2 4
юбка
НЗБЗ
8  29  15   1
0  10  20   6
0   0  12  25
0   0   0  13

11
30
16
 2

2 0 1
9 5 1 8 4 0 7 3 10 6 2
рубашка
ГНКНПДЙ
14  21   7  26  25  12  32
 0  16  19   6  26  13   0
 0   0  17  20   7  27  14
 0   0   0  19   1  21   8
 0   0   0   0  20  28  15
 0   0   0   0   0  23   2
 0   0   0   0   0   0  25

22
 9
29
16
 3
23
10

1 2 0
4 1 9 6 3 0 8 5 2 10 7
сторона
БЦКРШЯЮ
26  30  17   4  24  11  31
 0  28  18   5  28  30  32
 0   0  29   1   3   5   7
 0   0   0  31   9  11  13
 0   0   0   0  32  15  17
 0   0   0   0   0   1  19
 0   0   0   0   0   0   2

21
23
25
27
29
31
 0

1 2 0
7 0 4 8 1 5 9 2 6 10 3
восток
ЯАЦПЙС
4  2   4   6   8  10
0  5  12  14  16  18
0  0   7  20  22  24
0  0   0   8  26  20
0  0   0   0  10  27
0  0   0   0   0  12

 1
 8
15
22
29
 3

0 1 2
4 5 6 7 8 9 10 0 1 2 3
север
ЦЯЖОМ
13  10  17  24  31
 0  14   5  12  19
 0   0  16  26   0
 0   0   0  17   7
 0   0   0   0  19

14
21
28
 2
 9

0 2 1
4 0 7 3 10 6 2 9 5 1 8
мир
ЙЩЕ
20  16  23
 0  23  30
 0   0  25

 4
11
18

0 1 2
8 4 0 7 3 10 6 2 9 5 1
освещать
ЖПДИВНЧУ
26  25  32   6  13   4  23   9
 0  28  28  14   0  19   5  24
 0   0  29  10  29  15   1  20
 0   0   0  31   6  25  11  30
 0   0   0   0  32  16   2  21
 0   0   0   0   0   1   7  26
 0   0   0   0   0   0   2  12
 0   0   0   0   0   0   0   4

31
17
 3
22
 8
27
13
32

0 2 1
1 2 3 4 5 6 7 8 9 10 0
глаз
БЁРХ
5  18   7  11
0   7  15  19
0   0   8  23
0   0   0  10

27
31
 2
 6

2 1 0
0 6 1 7 2 8 3 9 4 10 5
сердце
ЪЩДГЮК
12  10  14  18  22  26
 0  13  30   1   5   9
 0   0  14  13  17  21
 0   0   0  16  25  29
 0   0   0   0  17   0
 0   0   0   0   0  19

 4
 8
12
16
20
24

2 1 0
0 8 5 2 10 7 4 1 9 6 3
желудок
ПЙЕОЬЯЭ
20  28  32   3  15  16  17
 0  23  18  19  20  21  22
 0   0  25  23  24  25  26
 0   0   0  26  27  28  29
 0   0   0   0  28  30  31
 0   0   0   0   0  29  32
 0   0   0   0   0   0  31

0
1
2
3
4
5
6

0 2 1
0 9 7 5 3 1 10 8 6 4 2
океан
АДЁВЖ
32  7   8   9  10
 0  1  11  12  13
 0  0   2  14  15
 0  0   0   4  11
 0  0   0   0   5

 7
 3
32
28
24

0 1 2
5 3 1 10 8 6 4 2 0 9 7
одиночество
АЖЭЗЛШЧУОЗЁ
7  20  16  12   8   4   0  29  25  21  17
0   8  13   9   5   1  30  26  22  18  14
0   0  10  10   6   2  31  27  23  19  30
0   0   0  12   4  11  18  25  32   6  13
0   0   0   0  13  20  27   1   8  15  22
0   0   0   0   0  14  29   3  10  17  24
0   0   0   0   0   0  16  31   5  12  19
0   0   0   0   0   0   0  17  26   0   7
0   0   0   0   0   0   0   0  19  14  21
0   0   0   0   0   0   0   0   0  20  28
0   0   0   0   0   0   0   0   0   0  23

 2
 9
16
23
12
 2
25
15
 5
28
18

1 0 2
7 8 9 10 0 1 2 3 4 5 6
мечта
ПФЕАЭ
25   8  31  21  11
 0  26   1  24  14
 0   0  28   4  27
 0   0   0  29  17
 0   0   0   0  31

 7
30
20
10
 0

2 0 1
6 1 7 2 8 3 9 4 10 5 0
слеза
ПТЬЫЪ
32  23  13   3  26
 0   1  16   6  29
 0   0   2  19   9
 0   0   0   4  32
 0   0   0   0   5

22
11
28
12
29

2 0 1
3 4 5 6 7 8 9 10 0 1 2
рана
МРЗЖ
7  13  30  14
0   8  31  15
0   0  10  32
0   0   0  12

16
 0
17
 1

2 0 1
5 4 3 2 1 0 10 9 8 7 6
творчество
ЫННХЖЕВЩСБ
13  18   2  19   3  20   4  21   5  22
 0  14   6  23   7  24   8  25   9  26
 0   0  16  10  27  11  19  27   2  10
 0   0   0  17  18  26   1   9  17  25
 0   0   0   0  19   0   8  16  24  32
 0   0   0   0   0  20   7  15  23  31
 0   0   0   0   0   0  23   6  14  22
 0   0   0   0   0   0   0  25  30   5
 0   0   0   0   0   0   0   0  26  13
 0   0   0   0   0   0   0   0   0  28

21
29
 4
12
20
28
 3
 0
20
 7

0 1 2
2 8 3 9 4 10 5 0 6 1 7
огонь
ХЕЩЯЙ
29  27  14   1  21
 0  31   8  28  15
 0   0  32   2  22
 0   0   0   1   9
 0   0   0   0   2

29
16
 3
23
10

1 2 0
7 0 4 8 1 5 9 2 6 10 3
аэродром
ЬКХЧОЮЛМ
4  30  17   4  24  11  31  18
0   5   5  25  12  32  19   6
0   0   7  26  13  27  25  23
0   0   0   8  21  19  17  15
0   0   0   0  10  13  11   9
0   0   0   0   0  12   7   5
0   0   0   0   0   0  13   3
0   0   0   0   0   0   0  14

 1
32
30
28
26
24
22
20

1 0 2
2 9 5 1 8 4 0 7 3 10 6
рука
НУДП
16  18  16  14
 0  17  12  10
 0   0  19   8
 0   0   0  20

6
4
2
0

2 0 1
0 9 7 5 3 1 10 8 6 4 2
небо
ЪЛЖЕ
23  31  29   7
 0  25  30  20
 0   0  26  10
 0   0   0  28

 0
23
13
 3

1 2 0
0 3 6 9 1 4 7 10 2 5 8
доска
ДШРЖК
29  26  16   6  29
 0  31  19   9  32
 0   0  32  22  12
 0   0   0   1   2
 0   0   0   0   2

25
15
 5
28
18

2 1 0
8 2 7 1 6 0 5 10 4 9 3
пила
ЦЭПВ
4  8  31  21
0  5  11   1
0  0   7  24
0  0   0   8

14
 4
27
17

2 1 0
1 10 8 6 4 2 0 9 7 5 3
молоток
ЯНФСЁЩЮ
10  17  12   7   2  30  25
 0  12  20  15  10   5   0
 0   0  13  28  23  18  13
 0   0   0  14   8   3  31
 0   0   0   0  16  26  21
 0   0   0   0   0  17  16
 0   0   0   0   0   0  19

11
 6
 1
29
24
19
14

1 0 2
9 7 5 3 1 10 8 6 4 2 0
корова
ЗЯДЦОФ
20   9   4  32  27  22
 0  23  14  15  16  17
 0   0  25  18  19  20
 0   0   0  26  21  22
 0   0   0   0  28  23
 0   0   0   0   0  29

24
25
26
27
28
29

1 0 2
0 3 6 9 1 4 7 10 2 5 8
поиск
УЦЮЩЮ
31  30  31  32  0
 0  32   1   2  3
 0   0   1   4  5
 0   0   0   2  6
 0   0   0   0  4

 7
 8
 9
10
11

1 2 0
8 4 0 7 3 10 6 2 9 5 1
система
ИРЕЕЪЙБ
5  12  13   5  15  25   2
0   7  12  22  32   9  19
0   0   8  29   6  16  26
0   0   0  10   3  13  23
0   0   0   0  12   0  10
0   0   0   0   0  13  20
0   0   0   0   0   0  14

30
 7
17
27
 4
14
24

1 0 2
1 4 7 10 2 5 8 0 3 6 9
инцидент
ЭЩАЙГЯРЙ
16   1  11  21  31   8  18  28
 0  17  24  19  14   9   4  32
 0   0  19  27  22  17  12   7
 0   0   0  20   2  30  25  20
 0   0   0   0  23  15  10   5
 0   0   0   0   0  25   0  28
 0   0   0   0   0   0  26  23
 0   0   0   0   0   0   0  28

18
13
 8
 3
31
26
21
16

1 0 2
3 5 7 9 0 2 4 6 8 10 1
вирус
ХЖГКЧ
29  11   6   1  29
 0  31   7  11  15
 0   0  32  19  23
 0   0   0   1  27
 0   0   0   0   2

31
 2
 6
10
14

2 0 1
9 6 3 0 8 5 2 10 7 4 1
экран
МТЕФЧ
4  18  22  26  30
0   5   1   5   9
0   0   7  13  17
0   0   0   8  21
0   0   0   0  10

25
29
 0
 4
 8

2 1 0
0 6 1 7 2 8 3 9 4 10 5
провод
ХШОФКО
12  12  16  20  24  28
 0  13  32   3  13   9
 0   0  14   5   1  30
 0   0   0  16  26  22
 0   0   0   0  17  18
 0   0   0   0   0  19

14
10
 6
 2
31
27

2 1 0
10 5 0 6 1 7 2 8 3 9 4
розетка
ШЩГФЧЗЁ
20  23  19  15  11   7   3
 0  23  32  28  24  20  16
 0   0  25  12   8   4   0
 0   0   0  26  29  25  21
 0   0   0   0  28  17  11
 0   0   0   0   0  29   9
 0   0   0   0   0   0  31

 7
 5
 3
 1
32
30
28

1 0 2
10 2 5 8 0 3 6 9 1 4 7
меньшинство
ОРАЕЫМЪЗФЦЖ
32  26  24  22  20  18  16  14  12  10   8
 0   1   6   4   2   0  31  29  27  25  23
 0   0   2  21  19  17  15  13  22  14   6
 0   0   0   4  31  23  15   7  32  24  16
 0   0   0   0   5   8   0  25  17   9   1
 0   0   0   0   0   7  26  18  10   2  27
 0   0   0   0   0   0   8  19  11   3  28
 0   0   0   0   0   0   0  10  20  12   4
 0   0   0   0   0   0   0   0  12  29  21
 0   0   0   0   0   0   0   0   0  13  13
 0   0   0   0   0   0   0   0   0   0  14

 5
30
 8
13
18
23
28
 0
 5
10
15

1 2 0
8 9 10 0 1 2 3 4 5 6 7
реклама
ИМЕШШСЧ
16  20  25  30   2   7  12
 0  17  17  22  27  32   4
 0   0  19   9  14  19  24
 0   0   0  20  29   1   6
 0   0   0   0  23  11  16
 0   0   0   0   0  25  21
 0   0   0   0   0   0  26

26
31
 3
23
10
30
17

1 0 2
9 10 0 1 2 3 4 5 6 7 8
спрос
ЙЫНПН
28   4  24  11  31
 0  29  18   5  25
 0   0  31  12  32
 0   0   0  32  19
 0   0   0   0   1

 6
26
13
 0
20

1 0 2
7 1 6 0 5 10 4 9 3 8 2
предложение
ВШШММПОПСОЧ
2  7  27  14   1  21   8  28  15   2  22
0  4   9  29  16   3  31  18   5  25  12
0  0   5  32  19   6  26  13   0  20   7
0  0   0   7  27  14   1  21   8  28  15
0  0   0   0   8   2  22   9  29  16   3
0  0   0   0   0  10  23  10  30  17   4
0  0   0   0   0   0  12  24  11  22   3
0  0   0   0   0   0   0  13  17  31  12
0  0   0   0   0   0   0   0  14  26   7
0  0   0   0   0   0   0   0   0  16  21
0  0   0   0   0   0   0   0   0   0  17

 2
16
30
11
25
 6
20
 1
15
29
10

1 0 2
0 9 7 5 3 1 10 8 6 4 2
экономика
ОВЩЩЪЯФХХ
19  24   5  19   0  14  28   9  23
 0  20   4  18  32  13  27   8  19
 0   0  23  26   0   7  14  21  28
 0   0   0  25   2   9  16  23  30
 0   0   0   0  26   4  11  18  25
 0   0   0   0   0  28  32   6  13
 0   0   0   0   0   0  29  20  27
 0   0   0   0   0   0   0  31   1
 0   0   0   0   0   0   0   0  32

 8
15
22
29
 3
10
17
24
31

0 2 1
8 3 9 4 10 5 0 6 1 7 2
модель
ЗУЮЗПУ
1  5  12   1  15  29
0  2  10  24   5  19
0  0   4   0  14  28
0  0   0   5   9  23
0  0   0   0   7   4
0  0   0   0   0   8

18
32
13
27
 8
22

