БУБЛИК
ЦОПБЮМ
 2  18   1  16  17  27
13   1  18  27   8  31
18  27  25  20  23   9
 3  16  12  30  28  11
13  27  10  27   1   3
21   2  15  10  20  23

 8
19
 9
22
26
11

СОБАКА
ШЩПЖНР
12  15   1   0   9   1
30  28   3  27   0  24
 9   3  16  17  22  20
28   7  30  17  27  28
31   4  29   5  31  21
22  30   7   8  16  18

12
20
13
28
16
11

ПИЛИГРИМ
МБЦЖЭЗВЧ
22  10  12  23   1  30  30  25
10  27  15  21   0  20   3   3
26  14   6  25  16   7  21  13
 0   0  27   2   4  13   0   3
 9  11  30  10   3  23   6  19
19  14  19  20  13   8   3   0
16  27   8  30  10   2   9  14
21  31  22   1   2  28  21  29

26
11
12
20
22
24
31
 2

ЖАБА
ЯМУС
14  19   8  30
12  13  18  12
15  23   0  10
13  27   1  21

25
10
14
25

ПРОБЛЕМА
ЬИХТФШЩУ
14  24  12   4  20  20  15  27
15   7  30   7  18   6   8  27
 4  26   0   6  28  17   3  30
19  20  16  15   3  23   7  31
 0  18  12  29  23  17  16   5
 1  13   3   3  27  20  10   1
 0  31  12   7  18  25  17  28
20  14  16   0   3  31  23  24

31
31
 7
 0
26
11
 4
19

РЕШЕНИЕ
УДЩКЖУЧ
31   5   2  27  30   5  15
15  20  15   1  13  10   6
15   3  10  31   4  23  23
24   0  10  29   8   6   3
 9   6   6   4  21   3  23
15  18  24  11   3   7  22
 9  13  18  30   8   4  15

30
23
29
17
10
26
 6

СИНГАПУР
ЯЩМАЩТЁТ
22  31   4   8  19   1   2  21
16  10  25  27   9  15  28  27
 0   1   5   1  11   1   4  12
25  28  19   3  28   4  23  21
 0  18   4   0  18   1   0  26
18   1   9  18  10  18   4   4
10  14   8  26   3   7  11  21
26  23  15  23  13  30  24  11

19
 4
27
23
10
27
 9
30

КОТ
ЧЪЫ
 7  13   2
21   9   7
10  28  10

11
23
 1

КОРОВА
ЧЩЕЧПН
15  28  10   1  23   7
19  19  14  26   4  21
14   1  28   9  17  31
21   8  18   1   9   7
29  12  12  22   1  25
 3  21  14  31  31  27

 0
18
16
27
 4
23

ЖИРАФ
ОЮМОШ
10  15   9   9   0
 0   8  31   6  18
29  18   6  25   5
 7  21  27  12  23
18  30  15  10  13

20
11
 2
23
25

ДЕЛЬФИН
МСЛЪПЮП
24  10  19  14   4  11  30
 3   0  13  14  14  13   3
17  31  14   5  18  24   8
31  19  25   9  29   4  15
10  19  28  15   4  27  11
 0  18  29   3   1  12  16
 4  22  28   5  22  11  22

16
14
24
 9
15
11
25

МАТЕМАТИКА
ЕФСДЪНПЬВО
18   1  28  22  27  11  24   0  24  11
15  20  22  17  26   3  24  19  28  28
23  27   0   0   1  13  29  10   3   1
15   5   6  25  24   2  30  20   4   2
 5   6   4  21   9  19  27  16   7  24
19  29  25  20   7  22   0  28  20  13
14  14  28  22  27  10  13  28  25  24
 5   4  14  25  23  16  22  11  22  14
18  13   2  10  14  18  11  18  17   1
 1   2  31  22  20  22   9  14  25  31

 5
30
22
15
19
15
14
 0
29
22

ХОЛЕРА
ЬЬЮТЕА
13  29  18  27  17   0
 7   5   3  29  23  21
28  13  16  10   5   9
 4  24   7  13   6  20
25  27   3  14   4   3
 3  20  11  30   4  28

21
20
15
13
31
10

УТКОНОС
БЫЭРМЭЁ
26  22  17  26   5  30  19
 8   1  14   7   1   0  24
27  25  22  20  23  12   0
17  25  27  11  31  13  12
27  26  12  26  20  13  21
 1   2  31   5   0   0  12
20   7  25   8   1   7   4

 0
 2
17
 7
13
 0
 9

СОЛДАТ
КИЪКМХ
18  22  20  12  19   7
20  14   9  27  17   7
18   9  24   3  22   2
 7  10  27  26  27  27
 7   0   2  23  11   0
 4   8  31  29  22  15

25
14
22
15
 2
14

УСТРИЦА
ЁЫДЛЁРН
15  27   8  17  27  29   9
31  27  21  31  19   8   5
 2  12  11  24  11   4  30
 4   0  29  10  12   3   9
27  22  30   2  31  20   9
11  10  15   6  12  27  31
22  31  14  15   8  30  11

14
17
29
24
 4
19
10

КРАБ
СКДЁ
12  15   7  26
 8  30  18   4
23   2  23  16
11   2  16   8

 1
 3
31
 8

КРЫШКА
АБШДЯЯ
 8  26  20   6   1  14
24  27  16   3   8  19
11  28  16   3  10  19
 9  17   1   7  28  29
25  22  19  29  15   2
23  29  28  18  19  27

 3
20
16
29
 7
21

БАНКА
ЛЁПЗУ
29   8  31  12  23
21  14   2  21  30
20  30  29  14  15
29  13  12  30   1
16  27  19  26  28

11
23
30
 9
13

КРЕВЕТКА
ЬЭУЛЦДЖО
12   6  13  10   1  29   0  15
15   5   1  29  14  16   1  30
26  23  14  25  29  27  25   7
20  26   0  24   8  28  24   8
23  29  11  13  29  17  25  26
 6  28  10  31   6  28  26  29
 2  25  13  11   5   8  20  16
13   5  22   6  28   7   7  19

12
25
 6
17
 4
20
 0
 8

ЩУПАЛЬЦЕ
ЩПНЗГАЭЭ
18   9  27  30  12   2  26   6
25   0  25  28   4   4   1   8
27  15  27  31   5  21  28  12
21   9   9   1  23   4   2  30
16   2   1  11  27  11  18  11
12  31  29  28  31  22  24  31
12  31  14  18  28   4   2  29
12  14   9   3  25  24  14  21

30
26
12
 2
 3
22
13
16

СОСИСКИ
ЕЩВПВЯА
31  29  22  15  25  15  13
 1  18  10  22   0  25  28
24  21   1  27  15  16   9
14  29   8   3   6  31   5
11   1   5   5  18  17  12
10   6   8  16  15   5  29
19  31   1  12  30   5   8

26
21
18
17
25
10
17

СОН
БЧЮ
 7  31   9
 2  24  24
22  31   0

10
18
28

ВОР
АФМ
21   2   2
18  26  21
12  26  29

26
30
30

СЛОН
ЦБДШ
 4  17   1  15
29   1   1  13
11   1   6   4
 9  17  22  22

17
29
11
11

ОЛЕНЬ
ЁЪЁУЮ
 1  29  30  20  13
21  28  11  23  17
16  11   9  23  26
11   8   5  11  11
11  18  22  21  11

24
24
31
20
16

ЛОСЬ
ФЁУВ
 3  14   7   9
23   6   7  23
14   3  30  10
 8   6  21  14

15
 2
 0
22

УЗУРПАТОР
КЁТЪШЭПТИ
 4  26   3   0  10  13   4   3   3
 7  29  27   6  15   0  19  29   7
 6   8  28  29   7  31  17  10  25
 6  29   6  24   2  24  27  27  27
26   8  13   2  26  27  26  12  20
26  16   0  22  12  22  29   8   0
14   7  19   4  14  31  19  29   6
29  14  26   3  11  20   5  24  21
25   4  14   1   3  26  10  23  25

24
15
16
15
27
26
24
12
20

ТИРАН
РПМОУ
19  26  16   1  31
11   5   9  23  27
23  29   3  18  24
19   4  11   3  10
11  13  10  10   1

 3
23
17
17
 5

ТИТАН
ПОЛЙБ
 7  31  13  29   2
 1   8   9  16   0
 9  20   8  16   8
13  24   5  30  21
 2  29  20  11   6

22
17
24
16
30

ТОПОР
ЭДБЭО
18  12   4  27  13
 7  29  21  30  24
10  31  15  10  10
 0  16  29   9   2
 2  20  18  27  17

 6
24
 7
15
15

ВОЛК
ЛЖЗС
26  22  21  6
 9  14   5  6
11  11   8  7
10   2  21  9

 5
16
11
13

ЛЕВ
ЬЗЮ
 8  29   9
26  11  10
 7  23  24

 1
17
15

ДРАКОН
СОЖННЬ
 5  15  30  30   3  25
 7   3   6  31  13  19
 6  25  14   9  18  11
 7  20  23   3  21   3
28   5  29   5  11  31
11  23  19  13  20  18

 8
25
25
15
21
21

ПЛАМЯ
ЯМЩОМ
 5  20  24  24  22
16   4  12  16  25
27   7  10  15  20
11  27  13   8  31
13  26   2   8  21

16
21
28
 3
 4

ЯРОСТЬ
ИГКБИУ
17  20   3  19  12  20
30   5  18  23   8  15
 5   0  27  30  13  27
26   6   9  18   6  16
11   5   9  26  26   6
16  12   9  21  14  16

 9
30
21
10
17
 8

ЗИМА
ЬГТЕ
 3  30  22   8
16   6  21  18
18  12  18   3
25  29  16   1

10
10
28
29

ЛЕТО
ШЕНЕ
 6  21  29  18
21  26   8  28
28  13  18  24
28  23   8  25

17
 8
 0
17

ВЕСНА
КЛЯЫЗ
20   0  15  25  25
14   3  11   0   8
27  21   0   5  19
30  31  26  26   7
 5  24  15   4  15

11
 2
 1
 4
14

ОСЕНЬ
ПВШГШ
 5   7  24   1   4
18  27  24  12   1
 4  25  21   1  14
10   5  16  12  31
 7  27   7  14  12

27
18
13
 2
10

ДАР
ЗБЯ
 6   2   9
30  10  26
14  23  24

29
 0
30

СЕРЕБРО
ВТЗДЫЯИ
22  17   6   3   4  20   3
15  24  25  21  16  16  15
 8   1  13   3   3   2   5
15   7  19  20  10  28  30
 5  19  14  10  21   0  12
17  10  13  13  12  11  16
15   2   6  14  15   2  13

 5
 5
 6
23
14
 7
 6

РЕБРО
ФЙЛЙЛ
 9  28   9   3  20
29   1   7  11   7
25  18  19  17   6
 5   7  21  26  20
13   6  19   9  16

28
 5
23
18
 9

СЕРДЦЕ
ШЙВЁУЭ
25  11  11   9  17  27
 6  15  14   2  13  25
12   5  22   9  24  15
19   4  19  23  18  24
13   1  21  29  21   9
 6  10  27   1  23  18

25
15
11
15
 1
11

ЛЕГКИЕ
ВЖЮЪШК
 2  16  15   6   0  14
13  18  14   1  10   1
21  29   0  16   8  27
 0  17  25  22  23  26
28  18  16  21  15   8
11  29  25  29  23   8

14
 9
10
14
 3
17

ЛЯГУШКА
ЕЪТЛРЪБ
16   6  17   4  22  31  29
31  12  19  17   2  30  27
 6  26  10  10  12  15  29
 0   6   5  27  10   6  26
 7   7  12  21  21   8   2
26   8  23  19  23  18  14
21  29  19  31  25  22   9

18
12
 4
 5
26
19
16

РУЧКА
ДЮЩЭО
23  14  24  24  11
26   4  14   0  15
21   5  19  19   7
18  17  27   6  14
13   9  31   8  24

11
31
26
23
 3

ПЕРО
СГОП
27  19  18  19
21  30  18  31
13  12  10  14
 2   6  31  23

22
 0
27
 6

ЧЕРНИЛА
ХЩГПБТФ
20   7  21  10   5   1   9
17   3  19   9   4   0  16
10  17   5   1  14  12  26
13  14   4  25  30  29   5
13  30  25   6  12   4  10
15  28  20   5  22  29   9
12  19   9   2   8  17  20

 9
 9
 2
17
29
15
 6

ШИФР
УТЙА
27  28  16  23
27  10  24  17
13  23  12  29
14  13  22  10

16
12
20
23

